ra: 0.3305842640695761 0.5326464000631115 0.8834970552696806
dec: 0.36114476334650847 0.5282844121872199 0.8977119965578411
parallax: 0.08370095552669096 0.1359536926980645 0.1500930149011131
pmra: 0.20247063958770184 0.41031959022073755 0.5673382403690935
pmdec: 0.36826122932614336 0.5278694958086935 0.8124044896968583
