ra: 1.512131274736982 11.403853315918035 29.210401316420658
dec: 0.9095096816684919 5.189972276814089 11.49335709707603
parallax: 0.653763732806693 0.8379838110498828 1.1053155567288968
pmra: 5.35087140784501 1334.214453815314 3970.725863333552
pmdec: 8.122311100371805 2763.7157722613847 8253.300555453856
